1 12
2 216
3 144
4 133
5 505
6 492
7 229
8 326
9 88
10 488
11 460
12 89
13 210
14 295
15 202
16 177
17 196
18 346
19 399
20 341
21 98
22 484
23 21
24 121
25 146
26 35
27 468
28 441
29 400
30 349
31 314
32 78
33 494
34 345
35 33
36 316
37 113
38 188
39 248
40 438
41 512
42 285
43 111
44 114
45 199
46 330
47 245
48 313
49 353
50 363
51 191
52 394
53 217
54 125
55 183
56 420
57 265
58 447
59 487
60 284
61 321
62 310
63 306
64 253
65 360
66 180
67 212
68 224
69 414
70 498
71 366
72 115
73 463
74 181
75 68
76 131
77 19
78 222
79 108
80 377
81 81
82 139
83 90
84 41
85 471
86 478
87 162
88 258
89 117
90 504
91 123
92 152
93 395
94 166
95 13
96 207
97 509
98 105
99 63
100 303
101 110
102 192
103 317
104 257
105 402
106 461
107 10
108 127
109 384
110 215
111 195
112 100
113 186
114 126
115 218
116 287
117 291
118 129
119 378
120 385
121 476
122 132
123 419
124 450
125 386
126 8
127 357
128 128
129 47
130 365
131 190
132 214
133 208
134 184
135 403
136 38
137 309
138 473
139 185
140 83
141 72
142 307
143 255
144 388
145 171
146 142
147 327
148 437
149 241
150 96
151 392
152 182
153 283
154 289
155 408
156 1
157 138
158 343
159 76
160 477
161 339
162 479
163 396
164 87
165 246
166 231
167 254
168 454
169 92
170 80
171 242
172 421
173 495
174 77
175 428
176 240
177 206
178 3
179 469
180 239
181 485
182 130
183 413
184 382
185 156
186 280
187 39
188 370
189 474
190 28
191 264
192 483
193 288
194 397
195 16
196 497
197 164
198 178
199 387
200 322
201 69
202 227
203 97
204 482
205 252
206 379
207 425
208 20
209 375
210 221
211 154
212 410
213 22
214 157
215 57
216 409
217 136
218 203
219 143
220 290
221 444
222 67
223 225
224 172
225 56
226 197
227 416
228 507
229 475
230 376
231 249
232 204
233 137
234 59
235 48
236 150
237 347
238 187
239 320
240 34
241 24
242 213
243 432
244 134
245 86
246 46
247 299
248 7
249 247
250 335
251 233
252 5
253 302
254 453
255 511
256 194
257 271
258 232
259 442
260 496
261 449
262 371
263 324
264 163
265 333
266 119
267 491
268 198
269 93
270 259
271 499
272 296
273 219
274 44
275 94
276 455
277 148
278 294
279 103
280 458
281 369
282 58
283 404
284 159
285 95
286 393
287 274
288 9
289 37
290 508
291 305
292 174
293 356
294 355
295 436
296 270
297 276
298 368
299 435
300 501
301 380
302 32
303 464
304 318
305 506
306 260
307 273
308 486
309 367
310 243
311 82
312 173
313 406
314 238
315 31
316 211
317 312
318 282
319 358
320 336
321 149
322 36
323 415
324 278
325 286
326 153
327 301
328 423
329 429
330 351
331 465
332 161
333 470
334 109
335 60
336 417
337 411
338 53
339 424
340 308
341 433
342 334
343 62
344 503
345 467
346 158
347 237
348 54
349 30
350 459
351 102
352 17
353 361
354 55
355 205
356 99
357 293
358 106
359 426
360 85
361 66
362 348
363 118
364 350
365 332
366 122
367 193
368 104
369 430
370 175
371 452
372 325
373 263
374 40
375 141
376 266
377 451
378 457
379 52
380 135
381 456
382 170
383 169
384 201
385 352
386 440
387 223
388 4
389 401
390 298
391 359
392 279
393 493
394 251
395 362
396 73
397 490
398 230
399 18
400 244
401 70
402 250
403 11
404 101
405 319
406 140
407 116
408 29
409 405
410 448
411 236
412 281
413 412
414 50
415 338
416 439
417 373
418 27
419 390
420 235
421 323
422 200
423 147
424 434
425 500
426 292
427 112
428 14
429 145
430 209
431 431
432 466
433 277
434 179
435 480
436 443
437 389
438 342
439 344
440 311
441 15
442 337
443 45
444 340
445 398
446 269
447 275
448 155
449 71
450 74
451 510
452 364
453 220
454 75
455 43
456 84
457 49
458 189
459 228
460 331
461 160
462 42
463 297
464 6
465 64
466 383
467 120
468 381
469 51
470 481
471 489
472 418
473 445
474 168
475 151
476 268
477 300
478 107
479 26
480 427
481 329
482 65
483 304
484 234
485 262
486 256
487 446
488 167
489 2
490 422
491 407
492 272
493 165
494 226
495 23
496 61
497 372
498 502
499 462
500 124
501 91
502 328
503 176
504 472
505 267
506 374
507 315
508 261
509 391
510 79
511 25
512 354
